postgis_sfcgal_version|1
ST_Tesselate|GEOMETRYCOLLECTION(POINT(4 4),TIN(((0 1,1 0,1 1,0 1)),((0 1,0 0,1 0,0 1))))
ST_3DArea|1
ST_Extrude_point|LINESTRING Z (0 0 0,1 0 0)
ST_Extrude_line|POLYHEDRALSURFACE Z (((0 0 0,1 0 0,1 1 0,0 1 0,0 0 0)))
ST_Extrude_surface|POLYHEDRALSURFACE Z (((1 1 0,1 0 0,0 1 0,1 1 0)),((0 1 1,1 0 1,1 1 1,0 1 1)),((1 0 0,0 0 0,0 1 0,1 0 0)),((0 1 1,0 0 1,1 0 1,0 1 1)),((1 0 0,1 1 0,1 1 1,1 0 1,1 0 0)),((1 1 0,0 1 0,0 1 1,1 1 1,1 1 0)),((0 1 0,0 0 0,0 0 1,0 1 1,0 1 0)),((0 0 0,1 0 0,1 0 1,0 0 1,0 0 0)))
ST_ForceLHR|POLYGON((0 0,1 0,1 1,0 1,0 0))
ST_Orientation_1|-1
ST_Orientation_2|1
ST_MinkowskiSum|MULTIPOLYGON(((0 0,1 0,5 0,5 1,4 1,0 1,0 0)))
ST_StraightSkeleton|MULTILINESTRING((1 1,1.5 1.5),(2 1,1.5 1.5),(2 2,1.5 1.5),(1 2,1.5 1.5))
ST_ConstrainedDelaunayTriangles|TIN(((4 0,2 2,2 -2,4 0)),((2 2,0 0,2 -2,2 2)))
postgis_sfcgal_noop|33
ST_3DConvexHull|POLYHEDRALSURFACE Z (((1 5 3,9 5 3,0 0 5,1 5 3)),((1 5 3,0 0 5,5 7 6,1 5 3)),((5 7 6,5 7 5,1 5 3,5 7 6)),((0 0 5,6 3 5,5 7 6,0 0 5)),((6 3 5,9 5 3,5 7 6,6 3 5)),((0 0 5,9 5 3,6 3 5,0 0 5)),((9 5 3,5 7 5,5 7 6,9 5 3)),((1 5 3,5 7 5,9 5 3,1 5 3)))
ST_3DUnion|t
ST_3DUnion (aggregate)|t
ST_AlphaShapes_default|POLYGON((8.9 5.3,9.1 5,8.7 4.2,9 3,8.4 1.9,7.8 1.6,7.3 1.6,6.5 1.6,5.3 1.8,4.3 1.9,3.7 2.3,3 2.2,2.8 3.3,2.3 3.6,2.6 4.4,2.7 5.4,2.3 6,2.4 6.7,2.7 7.7,2.4 8.2,2.6 8.5,3.4 8.6,3.9 8.8,4.5 9,4.9 9.5,5.2 9.8,5.7 9.7,6.4 9.7,7.2 9.5,7.6 8.8,7.5 8.4,8.3 7.2,8.5 7.1,8.8 5.8,8.9 5.3))
ST_AlphaShapes_hole|POLYGON((8.9 5.3,9.1 5,8.7 4.2,9 3,8.4 1.9,7.8 1.6,7.3 1.6,6.5 1.6,5.3 1.8,4.3 1.9,3.7 2.3,3 2.2,2.8 3.3,2.3 3.6,2.6 4.4,2.7 5.4,2.3 6,2.4 6.7,2.7 7.7,2.4 8.2,2.6 8.5,3.4 8.6,3.9 8.8,4.5 9,4.9 9.5,5.2 9.8,5.7 9.7,6.4 9.7,7.2 9.5,7.6 8.8,7.5 8.4,8.3 7.2,8.5 7.1,8.8 5.8,8.9 5.3),(3.6 6.1,3.6 6.8,4 7.5,4.3 8,6 8.1,6.8 7.3,7.7 6.7,8.1 6,8.2 5.4,8.1 4.7,7.8 4.3,7.6 2.7,6.2 2.2,5.4 3.2,4.4 4.2,3.8 4.6,3.6 6.1))
ST_OptimalAlphaShapes_default|POLYGON((8.9 5.3,9.1 5,8.7 4.2,9 3,8.8 2.9,8.4 1.9,7.8 1.6,7.3 1.6,6.5 1.6,5.3 1.8,4.3 1.9,3.7 2.3,3 2.2,2.8 3.3,2.3 3.6,2.6 4.4,2.7 5.4,2.3 6,2.4 6.7,2.7 7.7,2.4 8.2,2.6 8.5,3.4 8.6,3.9 8.8,4.5 9,4.9 9.5,5.2 9.8,5.7 9.7,6.4 9.7,7.2 9.5,7.6 8.8,7.5 8.4,7.5 7.7,8.3 7.2,8.5 7.1,8.3 6.4,8.8 5.8,8.9 5.3))
ST_OptimalAlphaShapes_hole|POLYGON((8.9 5.3,9.1 5,8.7 4.2,9 3,8.8 2.9,8.4 1.9,7.8 1.6,7.3 1.6,6.5 1.6,5.3 1.8,4.3 1.9,3.7 2.3,3 2.2,2.8 3.3,2.3 3.6,2.6 4.4,2.7 5.4,2.3 6,2.4 6.7,2.7 7.7,2.4 8.2,2.6 8.5,3.4 8.6,3.9 8.8,4.5 9,4.9 9.5,5.2 9.8,5.7 9.7,6.4 9.7,7.2 9.5,7.6 8.8,7.5 8.4,7.5 7.7,8.3 7.2,8.5 7.1,8.3 6.4,8.8 5.8,8.9 5.3),(3.6 6.1,3.6 6.8,4 7.5,4.3 8,5 8.6,6 8.1,6.8 7.3,7.7 6.7,8.1 6,8.2 5.4,8.1 4.7,7.8 4.3,8.1 2.9,7.6 2.7,7 2,6.2 2.2,5.5 2.6,5.4 3.2,4.8 3.4,4.4 4.2,3.8 4.6,3.6 6.1))
